15
0 10 20 30 40 50 60 70 80 90 100 110 120 130 140
10 0 150 160 170 180 190 200 210 220 230 240 250 260 270
20 150 0 280 290 300 310 320 330 340 350 360 370 380 390
30 160 280 0 400 410 420 430 440 450 460 470 480 490 500
40 170 290 400 0 510 520 530 540 550 560 570 580 590 600
50 180 300 410 510 0 610 620 630 640 650 660 670 680 690
60 190 310 420 520 610 0 700 710 720 730 740 750 760 770
70 200 320 430 530 620 700 0 780 790 800 810 820 830 840
80 210 330 440 540 630 710 780 0 850 860 870 880 890 900
90 220 340 450 550 640 720 790 850 0 910 920 930 940 950
100 230 350 460 560 650 730 800 860 910 0 960 970 980 990
110 240 360 470 570 660 740 810 870 920 960 0 1000 1010 1020
120 250 370 480 580 670 750 820 880 930 970 1000 0 1030 1040
130 260 380 490 590 680 760 830 890 940 980 1010 1030 0 1050
140 270 390 500 600 690 770 840 900 950 990 1020 1040 1050 0