20
0 10 20 30 40 50 60 70 80 90 100 110 120 130 140 150 160 170 180 190
10 0 200 210 220 230 240 250 260 270 280 290 300 310 320 330 340 350 360 370
20 200 0 380 390 400 410 420 430 440 450 460 470 480 490 500 510 520 530 540
30 210 380 0 550 560 570 580 590 600 610 620 630 640 650 660 670 680 690 700
40 220 390 550 0 710 720 730 740 750 760 770 780 790 800 810 820 830 840 850
50 230 400 560 710 0 860 870 880 890 900 910 920 930 940 950 960 970 980 990
60 240 410 570 720 860 0 1000 1010 1020 1030 1040 1050 1060 1070 1080 1090 1100 1110 1120
70 250 420 580 730 870 1000 0 1130 1140 1150 1160 1170 1180 1190 1200 1210 1220 1230 1240
80 260 430 590 740 880 1010 1130 0 1250 1260 1270 1280 1290 1300 1310 1320 1330 1340 1350
90 270 440 600 750 890 1020 1140 1250 0 1360 1370 1380 1390 1400 1410 1420 1430 1440 1450
100 280 450 610 760 900 1030 1150 1260 1360 0 1460 1470 1480 1490 1500 1510 1520 1530 1540
110 290 460 620 770 910 1040 1160 1270 1370 1460 0 1550 1560 1570 1580 1590 1600 1610 1620
120 300 470 630 780 920 1050 1170 1280 1380 1470 1550 0 1630 1640 1650 1660 1670 1680 1690
130 310 480 640 790 930 1060 1180 1290 1390 1480 1560 1630 0 1700 1710 1720 1730 1740 1750
140 320 490 650 800 940 1070 1190 1300 1400 1490 1570 1640 1700 0 1760 1770 1780 1790 1800
150 330 500 660 810 950 1080 1200 1310 1410 1500 1580 1650 1710 1760 0 1810 1820 1830 1840
160 340 510 670 820 960 1090 1210 1320 1420 1510 1590 1660 1720 1770 1810 0 1850 1860 1870
170 350 520 680 830 970 1100 1220 1330 1430 1520 1600 1670 1730 1780 1820 1850 0 1880 1890
180 360 530 690 840 980 1110 1230 1340 1440 1530 1610 1680 1740 1790 1830 1860 1880 0 1900
190 370 540 700 850 990 1120 1240 1350 1450 1540 1620 1690 1750 1800 1840 1870 1890 1900 0