22
0 10 55 78 93 79 48 49 76 11 34 29 9 35 98 91 74 83 44 67 68 42
10 0 77 46 64 86 37 8 29 35 58 53 33 49 26 59 43 50 27 17 28 6
55 77 0 79 9 82 13 54 80 84 42 76 29 48 47 96 99 22 58 5 94 15
78 46 79 0 34 29 9 35 98 91 55 83 44 67 68 42 76 22 58 53 33 49
93 64 9 34 0 74 83 44 67 68 42 76 29 48 49 27 17 26 59 43 50 2
79 86 82 29 74 0 42 98 85 8 56 1 31 47 39 57 89 73 41 65 66 23
48 37 13 9 83 42 0 84 5 2 61 52 32 28 51 81 45 60 4 21 7 72
49 8 54 35 44 98 84 0 98 28 37 62 16 24 75 69 77 3 38 54 63 40
76 29 80 98 67 85 5 98 0 48 64 4 66 82 74 85 13 26 75 5 57 54
11 35 84 91 68 8 2 28 48 0 79 55 77 93 15 19 39 94 3 40 8 52
34 58 42 55 42 56 61 37 64 79 0 75 86 95 68 8 5 77 60 4 89 41
29 53 76 83 76 1 52 62 4 55 75 0 88 25 87 89 30 84 98 87 36 13
9 33 29 44 29 31 32 16 66 77 86 88 0 7 38 97 43 24 92 70 18 87
35 49 48 67 48 47 28 24 82 93 95 25 7 0 9 90 72 38 23 91 99 35
98 26 47 68 49 39 51 75 74 15 68 87 38 9 0 77 39 94 51 30 25 63
91 59 96 42 27 57 81 69 85 19 8 89 97 90 77 0 3 41 67 55 46 7
74 43 99 76 17 89 45 77 13 39 5 30 43 72 39 3 0 76 21 58 33 71
83 50 22 22 26 73 60 3 26 94 77 84 24 38 94 41 76 0 84 64 14 56
44 27 58 58 59 41 4 38 75 3 60 98 92 23 51 67 21 84 0 69 20 12
67 17 5 53 43 65 21 54 5 40 4 87 70 91 30 55 58 64 69 0 96 95
68 28 94 33 50 66 7 63 57 8 89 36 18 99 25 46 33 14 20 96 0 65
42 6 15 49 2 23 72 40 54 52 41 13 87 35 63 7 71 56 12 95 65 0